s0=[1 10 36 60 59 50 24]
r=roots[s0]